date	temperature_2m	relative_humidity_2m	precipitation	rain	snowfall	windspeed_10m
2025-01-01	5.208333333333333	93.33333333333333	0.0	0.0	0.0	3.3625000000000003
2025-01-02	7.879166666666666	85.54166666666667	0.0	0.0	0.0	9.808333333333334
2025-01-03	11.695833333333333	71.41666666666667	0.0	0.0	0.0	20.470833333333335
2025-01-04	9.2125	85.45833333333333	0.6458333333333334	0.6458333333333334	0.0	15.958333333333334
2025-01-05	7.1625000000000005	77.79166666666667	0.0	0.0	0.0	9.466666666666667
2025-01-06	6.916666666666667	89.25	0.0	0.0	0.0	6.4125000000000005
2025-01-07	11.604166666666666	75.375	0.0	0.0	0.0	15.495833333333332
2025-01-08	13.916666666666666	74.16666666666667	0.0	0.0	0.0	16.516666666666666
2025-01-09	12.670833333333334	79.66666666666667	0.0	0.0	0.0	8.708333333333334
2025-01-10	11.299999999999999	76.83333333333333	0.0	0.0	0.0	7.858333333333333
2025-01-11	9.15	88.29166666666667	0.35833333333333334	0.35833333333333334	0.0	13.737499999999999
2025-01-12	7.408333333333334	91.625	275	275	0.0	14.137500000000001
2025-01-13	5.9125000000000005	89.58333333333333	0.7708333333333334	0.7708333333333334	0.0	20.004166666666666
2025-01-14	6.270833333333333	82.95833333333333	0.13333333333333333	0.13333333333333333	0.0	18.3875
2025-01-15	6.504166666666666	88.70833333333333	0.5333333333333333	0.5333333333333333	0.0	19.279166666666665
2025-01-16	6.016666666666667	83.79166666666667	0.05833333333333334	0.05833333333333334	0.0	13.129166666666668
2025-01-17	5.183333333333334	77.75	0.0	0.0	0.0	5.508333333333333
2025-01-18	5.170833333333333	82.625	0.0	0.0	0.0	2.3125
2025-01-19	5.541666666666667	89.91666666666667	0.0	0.0	0.0	3.3125
2025-01-20	5.904166666666666	79.375	0.0	0.0	0.0	9.245833333333334
2025-01-21	6.583333333333333	81.70833333333333	0.004166666666666667	0.004166666666666667	0.0	5.795833333333333
2025-01-22	8.791666666666666	87.41666666666667	125	125	0.0	5.2250000000000005
2025-01-23	8.0	94.66666666666667	0.0	0.0	0.0	5.366666666666667
2025-01-24	9.908333333333333	84.125	0.0	0.0	0.0	8.758333333333333
2025-01-25	8.799999999999999	85.54166666666667	0.6958333333333333	0.6958333333333333	0.0	7.570833333333333
2025-01-26	7.083333333333333	86.70833333333333	0.0	0.0	0.0	6.379166666666666
2025-01-27	7.129166666666666	92.25	0.0	0.0	0.0	5.679166666666667
2025-01-28	8.766666666666667	85.16666666666667	0.0	0.0	0.0	7.8374999999999995
2025-01-29	12.204166666666666	74.5	0.0	0.0	0.0	14.045833333333334
2025-01-30	11.6875	72.95833333333333	0.0	0.0	0.0	6.308333333333334
2025-01-31	10.733333333333334	82.08333333333333	0.004166666666666667	0.004166666666666667	0.0	4.408333333333333
2025-02-01	8.579166666666667	93.95833333333333	0.0	0.0	0.0	4.829166666666667
2025-02-02	9.095833333333333	83.41666666666667	0.0	0.0	0.0	8.875
2025-02-03	7.058333333333334	91.625	0.0	0.0	0.0	6.933333333333334
2025-02-04	5.670833333333333	67.95833333333333	0.0	0.0	0.0	17.841666666666665
2025-02-05	3.358333333333333	71.54166666666667	0.1375	0.06666666666666667	0.04958333333333333	15.758333333333333
2025-02-06	2.4458333333333333	78.16666666666667	0.2041666666666667	0.09583333333333333	0.07583333333333334	14.9
2025-02-07	3.220833333333333	79.20833333333333	0.20833333333333334	0.17500000000000002	0.023333333333333334	14.029166666666667
2025-02-08	4.308333333333334	83.45833333333333	0.18333333333333335	0.18333333333333335	0.0	14.8125
2025-02-09	4.104166666666667	78.79166666666667	0.08333333333333333	0.08333333333333333	0.0	15.504166666666668
2025-02-10	3.6374999999999997	76.04166666666667	0.07083333333333333	0.06666666666666667	0.002916666666666667	12.945833333333333
2025-02-11	1.825	85.91666666666667	0.15833333333333333	0.12916666666666668	0.02041666666666667	10.608333333333333
2025-02-12	1.4749999999999999	87.45833333333333	0.6916666666666665	0.2125	0.3354166666666667	8.208333333333334
2025-02-13	4.433333333333334	74.29166666666667	0.0	0.0	0.0	6.570833333333333
2025-02-14	6.191666666666666	72.95833333333333	0.0	0.0	0.0	7.629166666666666
2025-02-15	9.283333333333333	79.125	0.10416666666666667	0.10416666666666667	0.0	10.1625
2025-02-16	7.691666666666666	91.25	0.1125	0.1125	0.0	11.145833333333334
2025-02-17	5.479166666666667	93.79166666666667	725	725	0.0	14.399999999999999
2025-02-18	5.625	78.5	0.03333333333333333	0.03333333333333333	0.0	14.670833333333334
2025-02-19	3.6833333333333336	81.16666666666667	0.39166666666666666	0.15	0.16916666666666666	13.370833333333332
2025-02-20	1.4208333333333334	70.5	0.09999999999999999	0.0	0.07	15.216666666666667
2025-02-21	0.3416666666666666	76.58333333333333	0.15	0.0	105	13.887500000000001
2025-02-22	-0.8583333333333334	74.125	0.20833333333333334	0.0	0.14583333333333334	8.670833333333333
2025-02-23	-2.254166666666667	79.79166666666667	0.03333333333333333	0.0	0.023333333333333334	4.3125
2025-02-24	-0.3499999999999999	73.83333333333333	0.0	0.0	0.0	3.4583333333333335
2025-02-25	3.841666666666667	69.33333333333333	0.0	0.0	0.0	6.7
2025-02-26	5.241666666666666	81.54166666666667	0.0	0.0	0.0	3.0208333333333335
2025-02-27	9.475	72.20833333333333	0.0	0.0	0.0	4.75
2025-02-28	9.283333333333333	83.45833333333333	0.016666666666666666	0.016666666666666666	0.0	8.291666666666666
2025-03-01	7.391666666666667	84.54166666666667	0.0	0.0	0.0	10.237499999999999
2025-03-02	7.083333333333333	82.625	0.14583333333333334	0.14583333333333334	0.0	8.141666666666667
2025-03-03	5.783333333333334	81.20833333333333	0.07083333333333333	0.07083333333333333	0.0	14.2875
2025-03-04	5.358333333333333	74.54166666666667	0.008333333333333333	0.008333333333333333	0.0	15.029166666666667
2025-03-05	6.058333333333334	76.70833333333333	0.0	0.0	0.0	11.433333333333332
2025-03-06	7.908333333333334	66.95833333333333	0.0	0.0	0.0	9.0625
2025-03-07	8.316666666666666	61.333333333333336	0.0	0.0	0.0	13.820833333333333
2025-03-08	8.729166666666666	79.625	0.0	0.0	0.0	11.658333333333333
2025-03-09	8.725	85.91666666666667	0.0	0.0	0.0	4.8875
2025-03-10	9.987499999999999	79.20833333333333	0.0	0.0	0.0	6.375
2025-03-11	13.5625	64.75	0.0	0.0	0.0	12.479166666666666
2025-03-12	16.479166666666668	55.166666666666664	0.05416666666666667	0.05416666666666667	0.0	14.054166666666667
2025-03-13	18.1125	47.375	0.0	0.0	0.0	9.958333333333334
2025-03-14	18.620833333333334	43.333333333333336	0.0	0.0	0.0	10.466666666666667
2025-03-15	19.141666666666666	51.208333333333336	0.0	0.0	0.0	10.279166666666667
2025-03-16	21.045833333333334	39.291666666666664	0.0	0.0	0.0	13.095833333333333
2025-03-17	14.920833333333334	68.41666666666667	0.03333333333333333	0.03333333333333333	0.0	8.545833333333333
2025-03-18	6.745833333333334	85.33333333333333	0.7875	0.7833333333333333	0.002916666666666667	18.6125
2025-03-19	4.825	56.916666666666664	0.041666666666666664	0.041666666666666664	0.0	18.9375
2025-03-20	5.979166666666667	76.83333333333333	0.09166666666666667	0.07916666666666666	0.008749999999999999	10.5
2025-03-21	7.0249999999999995	68.66666666666667	0.012500000000000002	0.012500000000000002	0.0	7.8625
2025-03-22	7.333333333333333	65.16666666666667	0.0	0.0	0.0	4.404166666666667
2025-03-23	10.700000000000001	57.791666666666664	0.041666666666666664	0.041666666666666664	0.0	5.904166666666666
2025-03-24	14.716666666666667	59.25	0.025000000000000005	0.025000000000000005	0.0	15.108333333333334
2025-03-25	16.283333333333335	53.0	0.0	0.0	0.0	10.591666666666667
2025-03-26	16.087500000000002	55.916666666666664	0.0	0.0	0.0	6.845833333333334
2025-03-27	16.516666666666666	50.541666666666664	0.0	0.0	0.0	9.512500000000001
2025-03-28	13.737499999999999	71.0	0.09999999999999999	0.09999999999999999	0.0	12.858333333333334
2025-03-29	14.008333333333333	75.16666666666667	0.016666666666666666	0.016666666666666666	0.0	5.983333333333333
2025-03-30	13.704166666666666	75.58333333333333	0.0625	0.0625	0.0	5.404166666666666
2025-03-31	13.545833333333334	78.04166666666667	0.05833333333333333	0.05833333333333333	0.0	7.854166666666667
2025-04-01	12.641666666666666	84.0	0.29583333333333334	0.29583333333333334	0.0	11.6
2025-04-02	10.65	90.83333333333333	0.12083333333333335	0.12083333333333335	0.0	12.233333333333334
2025-04-03	11.725	81.20833333333333	0.15	0.15	0.0	7.404166666666666
2025-04-04	11.333333333333334	77.66666666666667	0.008333333333333333	0.008333333333333333	0.0	6.833333333333333
2025-04-05	10.5	87.625	0.0	0.0	0.0	6.954166666666667
2025-04-06	11.741666666666667	77.75	0.3958333333333333	0.3958333333333333	0.0	17.354166666666668
2025-04-07	6.895833333333333	86.45833333333333	0.5166666666666667	0.5166666666666667	0.0	15.991666666666667
2025-04-08	6.7625	63.75	0.0	0.0	0.0	13.1875
2025-04-09	6.958333333333333	59.375	0.004166666666666667	0.004166666666666667	0.0	9.854166666666666
2025-04-10	8.670833333333333	67.375	0.17916666666666667	0.17916666666666667	0.0	13.375
2025-04-11	6.008333333333333	56.291666666666664	0.16666666666666666	0.1625	0.002916666666666667	14.454166666666666
2025-04-12	7.75	67.29166666666667	0.18333333333333335	0.18333333333333335	0.0	11.825000000000001
2025-04-13	7.458333333333333	71.45833333333333	0.0	0.0	0.0	4.808333333333334
2025-04-14	9.429166666666667	63.333333333333336	0.0	0.0	0.0	8.816666666666666
2025-04-15	11.608333333333334	66.29166666666667	0.0	0.0	0.0	10.2875
2025-04-16	14.383333333333333	51.125	0.0	0.0	0.0	8.0375
2025-04-17	13.945833333333333	65.75	0.0	0.0	0.0	13.35
2025-04-18	12.779166666666667	75.33333333333333	0.012500000000000002	0.012500000000000002	0.0	10.541666666666666
2025-04-19	12.3375	76.16666666666667	0.004166666666666667	0.004166666666666667	0.0	7.3625
2025-04-20	13.275	70.08333333333333	0.0	0.0	0.0	4.229166666666667
2025-04-21	15.483333333333334	65.54166666666667	0.0	0.0	0.0	5.341666666666666
2025-04-22	14.6875	68.08333333333333	0.0	0.0	0.0	13.370833333333332
2025-04-23	13.129166666666668	78.58333333333333	0.0	0.0	0.0	15.229166666666666
